ENCSR000BZX.interactions	0.115384615384615	0.0384615384615385	0	0.153846153846154	0.384615384615385
ENCSR000BZY.interactions	0.081374321880651	0.0210970464135021	0.0681133212778782	0.133815551537071	0.533453887884268
ENCSR000CAA.interactions	0.100751010976314	0.0251877527440786	0.0876949740034662	0.168804159445407	0.597458116695552
ENCSR000CAC.interactions	0.702831084932548	0.00760022800684021	0.110013300399012	0.725061751852556	0.979099372981189
ENCSR000CAD.interactions	0.519907644946126	0.0122113904566444	0.15079527963058	0.585531041559774	0.941508465879938
ENCSR000FDD.interactions	0.563983488132095	0.0170278637770898	0.157894736842105	0.617131062951496	0.946336429308566
ENCSR000FDE.interactions	0.616	0.024	0.24	0.672	0.928
ENCSR000FDF.interactions	0.225118483412322	0.0276461295418641	0.141390205371248	0.323854660347551	0.749605055292259
ENCSR752QCX.interactions	0.629012875536481	0.00695278969957082	0.11931330472103	0.662489270386266	0.959570815450644
naive_hesc.interactions	0.562792001495048	0.0236404410390581	0.223135862455616	0.661652027658382	0.956363296580078
primed_hesc.interactions	0.562381923977934	0.0250887931685937	0.215824076173203	0.651552935842213	0.954507670218393
ruan_2015.GM12878.CTCF.interactions	0.320198689768123	0.0190608568226877	0.173907421773985	0.454993104042755	0.899081975691751
ruan_2015.HeLa.CTCF.interactions	0.226210183551327	0.0105328263993742	0.097669680376926	0.304815266231286	0.625511633406705
ruan_2015.HeLa.PolII.interactions	0.0006211340873211	9.77711063375806e-05	0.000270308352815664	0.00093745237253092	0.0166757248721068
