dataset	genome_coverage	peak_catching	numEnh_ge1Gene	enhGenomeCov
chromhmm.0.E	0.112753363216114	0.567998740866107	232004	0.114621407654815
chromhmm.0.E.fantom	0.116432752256454	0.598411409150315	234921	0.118361755074032
chromhmm.0.E.thurman	0.130994761928058	0.66449158111712	257622	0.133165021240409
chromhmm.0.E.thurman.fantom	0.131938491196533	0.670513601048518	258715	0.134124385769432
chromhmm.0.P2P	0.0252712537141832	0.193547868026149	25914	0.025689935903461
chromhmm.0.P2P.E	0.115695009868277	0.305412433805842	235137	0.117611790118597
chromhmm.0.P2P.E.fantom	0.118590948918361	0.601200472071862	237684	0.120555707718349
chromhmm.0.P2P.E.thurman	0.132014771900292	0.620692050582692	259297	0.134201930255843
chromhmm.0.P2P.E.thurman.fantom	0.13282117912402	0.67319747878633	260298	0.135021697653376
chromhmm.0.P2P.fantom	0.0369283303216934	0.677713055658939	34677	0.0375401414475017
chromhmm.0.P2P.thurman	0.0751247212893953	0.382870604980267	91591	0.0763693521705566
chromhmm.0.P2P.thurman.fantom	0.0784972804823606	0.524507352964851	95226	0.0797977863304843
chromhmm.0.fantom	0.0197263605047566	0.543580781296936	12042	0.0200531775236519
chromhmm.0.thurman	0.0672577378833658	0.446637459182021	77821	0.068372032301101
chromhmm.0.thurman.fantom	0.0718707541324217	0.480433059792275	82180	0.0730614748234306
chromhmm.500.E	0.118931850775283	0.580923100165776	232154	0.12090224197073
chromhmm.500.E.fantom	0.1226375666267	0.611522638001452	235150	0.12466935237119
chromhmm.500.E.thurman	0.137641235325816	0.679087294069533	259055	0.139921592824959
chromhmm.500.E.thurman.fantom	0.138602256399703	0.68510417645138	260198	0.140898535641855
chromhmm.500.P2P	0.0257342004390722	0.194255088254973	26518	0.0261605505727405
chromhmm.500.P2P.E	0.121921237135219	0.312820354859349	235381	0.123941154748176
chromhmm.500.P2P.E.fantom	0.124842314238382	0.614593631514287	238004	0.12691062687639
chromhmm.500.P2P.E.thurman	0.138695445366799	0.634212863841958	260775	0.14099326819669
chromhmm.500.P2P.E.thurman.fantom	0.139518732890564	0.687756074740471	261826	0.141830195559094
chromhmm.500.P2P.fantom	0.0374605326068378	0.692308552347538	35456	0.0380811590704313
chromhmm.500.P2P.thurman	0.0767622174797215	0.390583731284349	95395	0.0780339734245625
chromhmm.500.P2P.thurman.fantom	0.0801792739087621	0.534780176271598	99132	0.0815076420297452
chromhmm.500.fantom	0.019803653289304	0.553983481997459	12245	0.0201317508585279
chromhmm.500.thurman	0.0685749459350733	0.454134591170829	81611	0.0697110612951694
chromhmm.500.thurman.fantom	0.0732368773037823	0.488066019855983	86087	0.074450229339739
chromhmm.dnase.0.E	0.13593514166607	0.716728487306782	682284	0.138187250855279
chromhmm.dnase.0.E.fantom	0.139700048831992	0.749101658802548	686345	0.142014533223971
chromhmm.dnase.0.E.thurman	0.15599799472382	0.833791788718027	740795	0.158582495781528
chromhmm.dnase.0.E.thurman.fantom	0.156986417924761	0.840194180201246	742621	0.159587294710971
chromhmm.dnase.0.P2P	0.0268800026791892	0.200721418685166	53363	0.0273253378610841
chromhmm.dnase.0.P2P.E	0.139049975519116	0.370432886871283	688304	0.141353689803647
chromhmm.dnase.0.P2P.E.fantom	0.142024323661379	0.756226210437602	691938	0.144377315540365
chromhmm.dnase.0.P2P.E.thurman	0.157141599302797	0.777248763437526	744762	0.159745047060745
chromhmm.dnase.0.P2P.E.thurman.fantom	0.157990131648603	0.844711040861443	746464	0.160607637489471
chromhmm.dnase.0.P2P.fantom	0.0387650504047469	0.849585964116084	65208	0.0394072914409253
chromhmm.dnase.0.P2P.thurman	0.0811205373226322	0.451235622686867	197752	0.0824645040504315
chromhmm.dnase.0.P2P.thurman.fantom	0.0846179002172856	0.626624158956844	203466	0.0860198096007993
chromhmm.dnase.0.fantom	0.0200024847425421	0.646694989334828	15475	0.0203338764573229
chromhmm.dnase.0.thurman	0.0720881395527331	0.515123523959796	162214	0.0732824617826574
chromhmm.dnase.0.thurman.fantom	0.0768435156891769	0.550639244295538	168878	0.0781166227437152
chromhmm.dnase.500.E	0.176695787547341	0.721119674659872	683007	0.179590346479024
chromhmm.dnase.500.E.fantom	0.180580553677387	0.7536434306245	687344	0.183539371501243
chromhmm.dnase.500.E.thurman	0.199931008311608	0.84035167385289	744937	0.203209223022223
chromhmm.dnase.500.E.thurman.fantom	0.200997548578907	0.846778129098695	746951	0.204293332762536
chromhmm.dnase.500.P2P	0.029324039236681	0.201563646437315	56387	0.0298064348435955
chromhmm.dnase.500.P2P.E	0.180097874078134	0.372981520669314	689681	0.183048447977036
chromhmm.dnase.500.P2P.E.fantom	0.183187754499432	0.761099369059516	693578	0.186189428659687
chromhmm.dnase.500.P2P.E.thurman	0.201296156262894	0.782226809908597	749348	0.204596670561801
chromhmm.dnase.500.P2P.E.thurman.fantom	0.202221129148138	0.851200484954551	751237	0.205536877512482
chromhmm.dnase.500.P2P.fantom	0.0415339811011781	0.856102619027489	68913	0.0422183958484633
chromhmm.dnase.500.P2P.thurman	0.0912269387009499	0.454069676797742	208564	0.0927318225174843
chromhmm.dnase.500.P2P.thurman.fantom	0.0949442602750107	0.632928002244216	214746	0.0965104660346526
chromhmm.dnase.500.fantom	0.0203545077308352	0.653074213955794	16250	0.0206914176116096
chromhmm.dnase.500.thurman	0.0802904302491687	0.522333687887715	171155	0.0816172413641313
chromhmm.dnase.500.thurman.fantom	0.0852815347771909	0.557994747748279	178334	0.0866907153852229
chromhmm.dnase.fantom.0.E	0.136171069296159	0.716933277643337	683244	0.138427087222852
chromhmm.dnase.fantom.0.E.fantom	0.14005170893292	0.749321898927008	687900	0.142372019463269
chromhmm.dnase.fantom.0.E.thurman	0.156269427800327	0.833998974382407	741732	0.158858425832977
chromhmm.dnase.fantom.0.E.thurman.fantom	0.157338305545263	0.840367579286601	744176	0.15994501223928
chromhmm.dnase.fantom.0.P2P	0.0269083476143123	0.201098962920823	53219	0.0273541524016975
chromhmm.dnase.fantom.0.P2P.E	0.139290237142883	0.370704939728702	689239	0.141597931968458
chromhmm.dnase.fantom.0.P2P.E.fantom	0.14237600664137	0.756430253429254	693493	0.144734825037776
chromhmm.dnase.fantom.0.P2P.E.thurman	0.157412423859772	0.777437115401157	745680	0.160020358510998
chromhmm.dnase.fantom.0.P2P.E.thurman.fantom	0.158342042148168	0.84485977061804	748019	0.160965378275893
chromhmm.dnase.fantom.0.P2P.fantom	0.0391117257297493	0.849751548940546	66728	0.0397597103188865
chromhmm.dnase.fantom.0.P2P.thurman	0.0812368891170053	0.451513097844975	197563	0.0825827835063502
chromhmm.dnase.fantom.0.P2P.thurman.fantom	0.0849655428182436	0.626898706861376	204984	0.086373211780087
chromhmm.dnase.fantom.0.fantom	0.0203490809441172	0.646925614665065	16996	0.0206862149009772
chromhmm.dnase.fantom.0.thurman	0.072204488804988	0.515657608788929	162136	0.0734007386543413
chromhmm.dnase.fantom.0.thurman.fantom	0.0771910832976496	0.550906381325988	170397	0.0784699486880774
chromhmm.dnase.fantom.500.E	0.176966352808265	0.721250889610319	683965	0.17986544472991
chromhmm.dnase.fantom.500.E.fantom	0.180982165764408	0.753775600807128	688842	0.183947730339986
chromhmm.dnase.fantom.500.E.thurman	0.200222266414263	0.84053095928617	745869	0.203505359528297
chromhmm.dnase.fantom.500.E.thurman.fantom	0.201403443817243	0.846901046376024	748481	0.204706027624178
chromhmm.dnase.fantom.500.P2P	0.0293449205129194	0.20171686651264	56246	0.0298276982502375
chromhmm.dnase.fantom.500.P2P.E	0.18037124424867	0.37312182656317	690614	0.183326405037626
chromhmm.dnase.fantom.500.P2P.E.fantom	0.183589468588943	0.761215723149536	695073	0.186597891513878
chromhmm.dnase.fantom.500.P2P.E.thurman	0.201586869081206	0.782340753735043	750267	0.204892257594959
chromhmm.dnase.fantom.500.P2P.E.thurman.fantom	0.202627015171296	0.851326849348413	752764	0.205949564298391
chromhmm.dnase.fantom.500.P2P.fantom	0.0419175342986346	0.856219444809864	70308	0.0426084508754236
chromhmm.dnase.fantom.500.P2P.thurman	0.091299462789615	0.454192180539343	208374	0.092805587237529
chromhmm.dnase.fantom.500.P2P.thurman.fantom	0.0953353943865515	0.633123692444642	216189	0.096908199146117
chromhmm.dnase.fantom.500.fantom	0.0207380955646515	0.653207996703044	17658	0.0210815081717979
chromhmm.dnase.fantom.500.thurman	0.0803641793210167	0.522672830837408	171054	0.0816922239048071
chromhmm.dnase.fantom.500.thurman.fantom	0.0856735259003126	0.558069716613846	179795	0.087089319706831
chromhmm.dnase.thurman.0.E	0.139108324439219	0.718789704413053	733217	0.141413005421085
chromhmm.dnase.thurman.0.E.fantom	0.142885536092511	0.751214872689208	737334	0.145252796132078
chromhmm.dnase.thurman.0.E.thurman	0.160230942066107	0.83723785609437	807436	0.162885572595048
chromhmm.dnase.thurman.0.E.thurman.fantom	0.161221611546197	0.843628220135132	809274	0.163892655018931
chromhmm.dnase.thurman.0.P2P	0.0270185503426483	0.200943187695575	54170	0.0274661809167589
chromhmm.dnase.thurman.0.P2P.E	0.142242221318498	0.37078803150009	739351	0.144598823222896
chromhmm.dnase.thurman.0.P2P.E.fantom	0.145228016618785	0.758375821408262	743041	0.147634085768742
chromhmm.dnase.thurman.0.P2P.E.thurman	0.161378516480338	0.779430096583857	811433	0.164052159479873
chromhmm.dnase.thurman.0.P2P.E.thurman.fantom	0.162229236318811	0.84809954646189	813147	0.164916973642611
chromhmm.dnase.thurman.0.P2P.fantom	0.0389356662531227	0.852968036192693	66173	0.0395807339720504
chromhmm.dnase.thurman.0.P2P.thurman	0.0837555219072182	0.451625824126773	236224	0.0851431438144188
chromhmm.dnase.thurman.0.P2P.thurman.fantom	0.0872588737144652	0.62963693705023	241979	0.0887045374988539
chromhmm.dnase.thurman.0.fantom	0.0200493734762659	0.649691024648889	15632	0.0203815420214292
chromhmm.dnase.thurman.0.thurman	0.0746892869559357	0.518352133944656	200374	0.0759267037668303
chromhmm.dnase.thurman.0.thurman.fantom	0.0794517384427169	0.55384133189938	207081	0.0807680572992863
chromhmm.dnase.thurman.500.E	0.184485508674241	0.72316983895048	734003	0.187507155806621
chromhmm.dnase.thurman.500.E.fantom	0.188386369272052	0.755733699936387	738404	0.19147254226517
chromhmm.dnase.thurman.500.E.thurman	0.209920818300918	0.84327791543633	809451	0.213362599994432
chromhmm.dnase.thurman.500.E.thurman.fantom	0.210992811411645	0.849710402750324	811498	0.214452247426809
chromhmm.dnase.thurman.500.P2P	0.0295557599789979	0.201747249136812	57470	0.0300419574772937
chromhmm.dnase.thurman.500.P2P.E	0.187924296082512	0.373128952027182	740853	0.19100256428673
chromhmm.dnase.thurman.500.P2P.E.fantom	0.191029393940813	0.763166733480843	744812	0.194159015167747
chromhmm.dnase.thurman.500.P2P.E.thurman	0.211300386099637	0.784316413758828	813954	0.214764686577872
chromhmm.dnase.thurman.500.P2P.E.thurman.fantom	0.212230508045191	0.854114059164012	815873	0.21571012401971
chromhmm.dnase.thurman.500.P2P.fantom	0.041810805056984	0.859025757196357	70201	0.0424997699134656
chromhmm.dnase.thurman.500.P2P.thurman	0.09670164402829	0.454219434522254	242160	0.0982972188695177
chromhmm.dnase.thurman.500.P2P.thurman.fantom	0.100433333018598	0.634738288869227	248437	0.102090452653117
chromhmm.dnase.thurman.500.fantom	0.0204136173797942	0.65488988321465	16449	0.0207515094685636
chromhmm.dnase.thurman.500.thurman	0.0856627800491332	0.523879417761784	204061	0.0870787156225189
chromhmm.dnase.thurman.500.thurman.fantom	0.0906699787271549	0.559550369032629	211342	0.0921685323442385
chromhmm.dnase.thurman.fantom.0.E	0.139334715630837	0.718986155390823	734071	0.141643147354982
chromhmm.dnase.thurman.fantom.0.E.fantom	0.143222274913199	0.751400196521937	738725	0.145595113882418
chromhmm.dnase.thurman.fantom.0.E.thurman	0.160488578114126	0.837407949501364	808220	0.163147477035362
chromhmm.dnase.thurman.fantom.0.E.thurman.fantom	0.161558559773869	0.843772654507451	810664	0.164235185645609
chromhmm.dnase.thurman.fantom.0.P2P	0.0270462349625823	0.201272984298212	54031	0.0274943242023932
chromhmm.dnase.thurman.fantom.0.P2P.E	0.142472769508819	0.37104782677716	740180	0.144833191026686
chromhmm.dnase.thurman.fantom.0.P2P.E.fantom	0.145564778318537	0.75856456086071	744432	0.147976426777194
chromhmm.dnase.thurman.fantom.0.P2P.E.thurman	0.161635523354116	0.779588460646099	812198	0.164313424322084
chromhmm.dnase.thurman.fantom.0.P2P.E.thurman.fantom	0.162566207425545	0.848221044987981	814537	0.165259527527402
chromhmm.dnase.thurman.fantom.0.P2P.fantom	0.039267699613118	0.853109584694461	67533	0.0399182683038474
chromhmm.dnase.thurman.fantom.0.P2P.thurman	0.0838604764326362	0.451865319180515	235917	0.0852498371768163
chromhmm.dnase.thurman.fantom.0.P2P.thurman.fantom	0.0875917920493411	0.629884861148774	243336	0.0890429714673771
chromhmm.dnase.thurman.fantom.0.fantom	0.0203813277128338	0.649896353724158	16993	0.0207189959189193
chromhmm.dnase.thurman.fantom.0.thurman	0.074794422289507	0.518846725661261	200180	0.0760335809329252
chromhmm.dnase.thurman.fantom.0.thurman.fantom	0.0797845817851074	0.554078148730004	208439	0.0811064150328841
chromhmm.dnase.thurman.fantom.500.E	0.184735890152594	0.723293887633707	734857	0.187761719405067
chromhmm.dnase.thurman.fantom.500.E.fantom	0.188756218546098	0.755835106288744	739730	0.19184859397002
chromhmm.dnase.thurman.fantom.500.E.thurman	0.210184994901169	0.843436495115554	810243	0.213631187265838
chromhmm.dnase.thurman.fantom.500.E.thurman.fantom	0.211366938117241	0.849802722438568	812857	0.214832625140648
chromhmm.dnase.thurman.fantom.500.P2P	0.0295758935547358	0.201876349524811	57332	0.0300624585346813
chromhmm.dnase.thurman.fantom.500.P2P.E	0.188177193304537	0.373262393952041	741680	0.191259693061205
chromhmm.dnase.thurman.fantom.500.P2P.E.fantom	0.19139937921818	0.763275465074835	746137	0.194535205129156
chromhmm.dnase.thurman.fantom.500.P2P.E.thurman	0.211563808326328	0.784409577803582	814731	0.215032512469111
chromhmm.dnase.thurman.fantom.500.P2P.E.thurman.fantom	0.212604637292905	0.854231519227449	817230	0.216090505609902
chromhmm.dnase.thurman.fantom.500.P2P.fantom	0.042162044119593	0.859122957262734	71415	0.0428569621960595
chromhmm.dnase.thurman.fantom.500.P2P.thurman	0.0967539198281357	0.454321250712399	241869	0.0983503894997234
chromhmm.dnase.thurman.fantom.500.P2P.thurman.fantom	0.100793233713269	0.634932677466022	249712	0.102456414213342
chromhmm.dnase.thurman.fantom.500.fantom	0.0207653334073208	0.655010976583561	17678	0.0211091875872926
chromhmm.dnase.thurman.fantom.500.thurman	0.08571723762188	0.52421465543358	203866	0.0871340754225964
chromhmm.dnase.thurman.fantom.500.thurman.fantom	0.0910309197836785	0.559603955045515	212635	0.0925355505334521
chromhmm.fantom.0.E	0.113083304730638	0.571948692232417	235304	0.114956815484433
chromhmm.fantom.0.E.fantom	0.116924278426866	0.604116054772262	239968	0.118861424617758
chromhmm.fantom.0.E.thurman	0.131373175598148	0.669616863205229	261301	0.13354970428936
chromhmm.fantom.0.E.thurman.fantom	0.132430259821463	0.676098869924413	263764	0.134624301784548
chromhmm.fantom.0.P2P	0.0253132866844781	0.200029250891028	26121	0.0257326652561446
chromhmm.fantom.0.P2P.E	0.116030621895096	0.308128632272732	238470	0.117952962406879
chromhmm.fantom.0.P2P.E.fantom	0.119082517669251	0.605367733590381	242732	0.121055420548007
chromhmm.fantom.0.P2P.E.thurman	0.132394390534384	0.626341055860192	262991	0.134587838232071
chromhmm.fantom.0.P2P.E.thurman.fantom	0.133312990329429	0.678289703630848	265348	0.135521656954424
chromhmm.fantom.0.P2P.fantom	0.0374135463193301	0.683284414948191	39649	0.0380333962744922
chromhmm.fantom.0.P2P.thurman	0.0752919313349814	0.388736168406582	92748	0.0765393324731607
chromhmm.fantom.0.P2P.thurman.fantom	0.0789837249585927	0.529035221745453	100208	0.080292289988923
chromhmm.fantom.0.fantom	0.0202114058627126	0.549279019483151	17012	0.020546258883884
chromhmm.fantom.0.thurman	0.0674140072879693	0.450771891358427	78855	0.0685308907033528
chromhmm.fantom.0.thurman.fantom	0.072357032099915	0.486340162148278	87160	0.0735558092144924
chromhmm.fantom.500.E	0.119495835257052	0.584826657679096	235459	0.121475463681192
chromhmm.fantom.500.E.fantom	0.123483382719264	0.617191818193676	240156	0.125529054917571
chromhmm.fantom.500.E.thurman	0.138278210374931	0.68409780895043	262753	0.140569005008141
chromhmm.fantom.500.E.thurman.fantom	0.139449071226934	0.690622307009389	265212	0.141759239902234
chromhmm.fantom.500.P2P	0.025790224909893	0.20067273947497	26744	0.0262174864329928
chromhmm.fantom.500.P2P.E	0.122492633480216	0.315458833574373	238722	0.124521907564789
chromhmm.fantom.500.P2P.E.fantom	0.125688256801323	0.618675430744859	243011	0.127770455404216
chromhmm.fantom.500.P2P.E.thurman	0.139335159548219	0.639812550916272	264493	0.141643461985564
chromhmm.fantom.500.P2P.E.thurman.fantom	0.140365715179828	0.692780664130639	266841	0.14269106908685
chromhmm.fantom.500.P2P.fantom	0.0382867394355317	0.697814375240229	40323	0.038920986590295
chromhmm.fantom.500.P2P.thurman	0.0770067527218613	0.396337976773157	96633	0.078282518017221
chromhmm.fantom.500.P2P.thurman.fantom	0.081009053684514	0.53930953011237	104025	0.082351072295895
chromhmm.fantom.500.fantom	0.020628547113974	0.55960570573554	17100	0.0209702604186636
chromhmm.fantom.500.thurman	0.068798831551491	0.458249532220433	82715	0.0699386254548921
chromhmm.fantom.500.thurman.fantom	0.0740655197994273	0.493889234333173	90970	0.075292513174743
chromhmm.thurman.0.E	0.120387542301966	0.62787816128089	381278	0.122382066212131
chromhmm.thurman.0.E.fantom	0.124103208003818	0.659676869126747	384759	0.126159291307444
chromhmm.thurman.0.E.thurman	0.14111339947432	0.745802672937337	455774	0.143451299591843
chromhmm.thurman.0.E.thurman.fantom	0.142064620364979	0.751836048729947	456992	0.144418279860707
chromhmm.thurman.0.P2P	0.0257674033619776	0.197880568889669	34372	0.0261943055241581
chromhmm.thurman.0.P2P.E	0.123381362751484	0.336250474927974	385292	0.125425486864087
chromhmm.thurman.0.P2P.E.fantom	0.126311091636	0.664574433579273	388376	0.128403754112281
chromhmm.thurman.0.P2P.E.thurman	0.142146099382588	0.685180518974785	457668	0.144501108784175
chromhmm.thurman.0.P2P.E.thurman.fantom	0.142959487580516	0.754199977848383	458790	0.14532797281339
chromhmm.thurman.0.P2P.fantom	0.037525472603771	0.75877612405421	44618	0.0381471769007215
chromhmm.thurman.0.P2P.thurman	0.0815903922535905	0.415883686735271	217057	0.0829421433158498
chromhmm.thurman.0.P2P.thurman.fantom	0.0849861749669035	0.594288400158269	221082	0.0863941857524358
chromhmm.thurman.0.fantom	0.0198479369874548	0.613503250823854	13664	0.0201767682280629
chromhmm.thurman.0.thurman	0.0735968065972827	0.514957640941111	200988	0.0748161237098609
chromhmm.thurman.0.thurman.fantom	0.078236003167858	0.548793121254219	205763	0.079532180296905
chromhmm.thurman.500.E	0.141327894188532	0.643053304143317	381692	0.143664065131208
chromhmm.thurman.500.E.fantom	0.145134616973647	0.675112139443971	385347	0.147533835226633
chromhmm.thurman.500.E.thurman	0.167156473941523	0.764168780719012	456094	0.169919840555506
chromhmm.thurman.500.E.thurman.fantom	0.168141893312107	0.770257262675982	457405	0.170921563599525
chromhmm.thurman.500.P2P	0.0271374960508274	0.199207778513058	36071	0.0275863995178363
chromhmm.thurman.500.P2P.E	0.144489031134833	0.344491822771732	386068	0.146877517770464
chromhmm.thurman.500.P2P.E.fantom	0.147505397312447	0.680624772916257	389315	0.149943838941783
chromhmm.thurman.500.P2P.E.thurman	0.168259581625097	0.701412598899259	458149	0.171041182012079
chromhmm.thurman.500.P2P.E.thurman.fantom	0.169106224541588	0.772630113484861	459361	0.171901832972617
chromhmm.thurman.500.P2P.fantom	0.0391332450776431	0.777254144910104	46757	0.0397808254550592
chromhmm.thurman.500.P2P.thurman	0.0951731052461718	0.424603382022219	218224	0.0967473776945349
chromhmm.thurman.500.P2P.thurman.fantom	0.0986638659422282	0.607981472632661	222472	0.100295906735301
chromhmm.thurman.500.fantom	0.020108868891654	0.627375005350318	14166	0.0204419549695523
chromhmm.thurman.500.thurman	0.0865448565972055	0.52571334863727	201319	0.087976695854178
chromhmm.thurman.500.thurman.fantom	0.0912870006909204	0.55975339082024	206342	0.0927973280232331
chromhmm.thurman.fantom.0.E	0.120671142909227	0.629301299012074	383496	0.122670365380233
chromhmm.thurman.fantom.0.E.fantom	0.124524307333037	0.661550005143259	388157	0.126587367211354
chromhmm.thurman.fantom.0.E.thurman	0.141426263356885	0.747165261734874	457927	0.143769346855367
chromhmm.thurman.fantom.0.E.thurman.fantom	0.142485882707524	0.753549653835424	460389	0.14484652147867
chromhmm.thurman.fantom.0.P2P	0.0258029863429996	0.20034047778809	34446	0.0262304780271946
chromhmm.thurman.fantom.0.P2P.E	0.123669325633488	0.33729500624236	387517	0.12571822057904
chromhmm.thurman.fantom.0.P2P.E.fantom	0.126732233545698	0.666042679885739	391775	0.128831873302123
chromhmm.thurman.fantom.0.P2P.E.thurman	0.142460030954775	0.687002645331417	459833	0.144820241426299
chromhmm.thurman.fantom.0.P2P.E.thurman.fantom	0.143380792503541	0.755575453495824	462188	0.145756257717286
chromhmm.thurman.fantom.0.P2P.fantom	0.0379408953831638	0.760483938215236	47963	0.0385694822084099
chromhmm.thurman.fantom.0.P2P.thurman	0.0817034256304851	0.417900215252233	216970	0.0830570493763175
chromhmm.thurman.fantom.0.P2P.thurman.fantom	0.0854024941607085	0.595308545752935	224424	0.0868174023259068
chromhmm.thurman.fantom.0.fantom	0.0202632243990563	0.615319523149893	17008	0.0205989359252503
chromhmm.thurman.fantom.0.thurman	0.0737000061078837	0.515483651282223	200803	0.0749210329811853
chromhmm.thurman.fantom.0.thurman.fantom	0.0786521911248136	0.550704475979622	209104	0.0799552634592565
chromhmm.thurman.fantom.500.E	0.141725399483683	0.644025759545999	383911	0.144068051444735
chromhmm.thurman.fantom.500.E.fantom	0.145722705819703	0.676463412598724	388672	0.148131548375982
chromhmm.thurman.fantom.500.E.thurman	0.16755881212104	0.765111264011876	458258	0.170328732392668
chromhmm.thurman.fantom.500.E.thurman.fantom	0.1687333911386	0.771527966949856	460757	0.171522713781106
chromhmm.thurman.fantom.500.P2P	0.027171784775947	0.20089839345531	36150	0.0276212437242057
chromhmm.thurman.fantom.500.P2P.E	0.144890024851614	0.345069706215371	388295	0.147285048684995
chromhmm.thurman.fantom.500.P2P.E.fantom	0.148093596740642	0.681593817860508	392640	0.150541662890198
chromhmm.thurman.fantom.500.P2P.E.thurman	0.168663975107137	0.702713722151317	460327	0.171452161910927
chromhmm.thurman.fantom.500.P2P.E.thurman.fantom	0.169697881568231	0.773577372871598	462714	0.17250314466887
chromhmm.thurman.fantom.500.P2P.fantom	0.0396992772355813	0.778521535774415	49910	0.0403561907882547
chromhmm.thurman.fantom.500.P2P.thurman	0.0952228595825788	0.425953759561003	218170	0.0967979275876636
chromhmm.thurman.fantom.500.P2P.thurman.fantom	0.0992395511583066	0.608599070263477	225706	0.100881028200777
chromhmm.thurman.fantom.500.fantom	0.0206728492424814	0.62867777041914	17300	0.021015251945851
chromhmm.thurman.fantom.500.thurman	0.0865782425526175	0.525849352501076	201158	0.0880106174887377
chromhmm.thurman.fantom.500.thurman.fantom	0.0918619563190902	0.561291133877598	209569	0.0933817162120963
dnase.0.E	0.0506234643584603	0.686315382761447	1055427	0.0514621699931766
dnase.0.E.fantom	0.0509552740120585	0.707067778682145	1062352	0.0517994769123147
dnase.0.E.thurman	0.0540693798660197	0.760669810519528	1127393	0.0549651758004531
dnase.0.E.thurman.fantom	0.0542998231939668	0.771104658723845	1132199	0.0551994370045587
dnase.0.P2P	0.00463757152154876	0.0971888707842708	96750	0.00471440461497321
dnase.0.P2P.E	0.0511485283758431	0.28597676117316	1066393	0.0519959330230736
dnase.0.P2P.E.fantom	0.0514499635307413	0.717958946065067	1072684	0.052302362213171
dnase.0.P2P.E.thurman	0.0544946825875976	0.73317209214123	1136272	0.0553975247365398
dnase.0.P2P.E.thurman.fantom	0.0547027247704181	0.778244580824522	1140610	0.0556090136639323
dnase.0.P2P.fantom	0.00576568888123451	0.785920087758146	120285	0.00586121208996774
dnase.0.P2P.thurman	0.0135974728483177	0.343211485042319	283643	0.0138227493528064
dnase.0.P2P.thurman.fantom	0.0144099674917172	0.448588043515544	300593	0.014648705023503
dnase.0.fantom	0.00136619244408015	0.482149386110503	28503	0.00138882687488171
dnase.0.thurman	0.00989559273542176	0.284248284615798	206418	0.0100595382395715
dnase.0.thurman.fantom	0.0108778570196184	0.337258515722901	226911	0.011058076214247
dnase.500.E	0.128342639971737	0.698472901494983	1056933	0.13040897976898
dnase.500.E.fantom	0.129188976562992	0.720516402706195	1064829	0.131268902621374
dnase.500.E.thurman	0.137866819077157	0.779735999176025	1133954	0.140089616538819
dnase.500.E.thurman.fantom	0.138440784232543	0.790409069918607	1139416	0.140672655111079
dnase.500.P2P	0.0113851475001996	0.103945971666419	104488	0.0115662588733339
dnase.500.P2P.E	0.129659571250331	0.297574504729782	1069252	0.131746843596201
dnase.500.P2P.E.fantom	0.130435243312347	0.732124515672278	1076391	0.132534981898435
dnase.500.P2P.E.thurman	0.138908448175422	0.747996732376273	1143730	0.141147646827984
dnase.500.P2P.E.thurman.fantom	0.13943127417554	0.797403034027179	1148640	0.141678752941518
dnase.500.P2P.fantom	0.0142189473320206	0.80515431278358	131044	0.0144455647895349
dnase.500.P2P.thurman	0.0360531248012123	0.356884131934	303544	0.0366396231742781
dnase.500.P2P.thurman.fantom	0.0380558963595056	0.474027957504106	322630	0.0386741556683124
dnase.500.fantom	0.00338222432616676	0.507725951508847	32369	0.00343647823667977
dnase.500.thurman	0.0271604694903022	0.310395575229603	221308	0.0276068595504971
dnase.500.thurman.fantom	0.0295443156808571	0.364674566707484	244503	0.0300284332077018
dnase.fantom.0.E	0.0513791029406397	0.686975506366754	1049635	0.0522303276382987
dnase.fantom.0.E.fantom	0.0519881877760153	0.708198681634924	1055435	0.0528495035033959
dnase.fantom.0.E.thurman	0.0549524154281636	0.761889236326727	1121411	0.0558628410785008
dnase.fantom.0.E.thurman.fantom	0.0553330887235224	0.772059904717733	1125281	0.0562498211891249
dnase.fantom.0.P2P	0.00479592006103316	0.0997031950470222	94732	0.00487537659823012
dnase.fantom.0.P2P.E	0.0519234562327703	0.287414556425502	1060333	0.0527836995185322
dnase.fantom.0.P2P.E.fantom	0.0524829526049482	0.718786281713851	1065765	0.053352465362207
dnase.fantom.0.P2P.E.thurman	0.0553846679829954	0.734180526830344	1130049	0.0563022549893944
dnase.fantom.0.P2P.E.thurman.fantom	0.0557360138145666	0.779236117788379	1133690	0.0566594217526701
dnase.fantom.0.P2P.fantom	0.00679083170777535	0.786808899574304	113352	0.00690333899841417
dnase.fantom.0.P2P.thurman	0.0141454394436319	0.344996277189608	280886	0.0143797943997231
dnase.fantom.0.P2P.thurman.fantom	0.0154363816950972	0.451293135576708	293654	0.0156921243723592
dnase.fantom.0.fantom	0.00239049382951376	0.483626798927735	21581	0.00243009840162228
dnase.fantom.0.thurman	0.0103967503559691	0.288658659924654	205494	0.0105689988027476
dnase.fantom.0.thurman.fantom	0.0119038431938551	0.339205270066247	219984	0.0121010604425754
dnase.fantom.500.E	0.128540499700313	0.698669503892786	1051131	0.130610301347735
dnase.fantom.500.E.fantom	0.129510765186848	0.720719270021994	1058054	0.131596404953829
dnase.fantom.500.E.thurman	0.13812652377382	0.780395456622977	1128009	0.140353752788878
dnase.fantom.500.E.thurman.fantom	0.13877436701355	0.790686739749722	1132693	0.141012085625131
dnase.fantom.500.P2P	0.0113896994805097	0.103912403962133	102363	0.0115709718714791
dnase.fantom.500.P2P.E	0.129856913340099	0.297916342287069	1063163	0.131947658664942
dnase.fantom.500.P2P.E.fantom	0.130756426276554	0.732378309657116	1069574	0.132861860784254
dnase.fantom.500.P2P.E.thurman	0.139159992037298	0.748267748653197	1137523	0.141403510942574
dnase.fantom.500.P2P.E.thurman.fantom	0.139763206168574	0.797802562753545	1141874	0.142016502087829
dnase.fantom.500.P2P.fantom	0.0145360482900103	0.805446606303692	124850	0.0147685514947748
dnase.fantom.500.P2P.thurman	0.0362434957674867	0.357087371227741	300858	0.036833063483071
dnase.fantom.500.P2P.thurman.fantom	0.0384037315259134	0.475567907193883	316568	0.0390282077826424
dnase.fantom.500.fantom	0.00370704951015134	0.508042393793572	26496	0.00376739725051822
dnase.fantom.500.thurman	0.0274127788475057	0.313583516222624	220567	0.0278631384347656
dnase.fantom.500.thurman.fantom	0.0299055992878012	0.365068232999999	238771	0.0303961817662647
dnase.thurman.0.E	0.0554075861314005	0.691010463505981	1125043	0.056325552834852
dnase.thurman.0.E.fantom	0.0557657632699668	0.711942400278977	1132002	0.0566896640829889
dnase.thurman.0.E.thurman	0.0603865971678596	0.768404758901536	1218392	0.061387053773267
dnase.thurman.0.E.thurman.fantom	0.0606223986453347	0.778767622174739	1223216	0.0616267618981899
dnase.thurman.0.P2P	0.00492466944785281	0.0976877932644241	98234	0.00500625904404841
dnase.thurman.0.P2P.E	0.055969120646804	0.286939563860236	1136177	0.0568963905887464
dnase.thurman.0.P2P.E.fantom	0.0562953103127049	0.722882429269938	1142516	0.0572279844108868
dnase.thurman.0.P2P.E.thurman	0.0608212275564547	0.738198812207944	1227335	0.0618288849127501
dnase.thurman.0.P2P.E.thurman.fantom	0.0610343895652268	0.785834375163146	1231691	0.0620455784889511
dnase.thurman.0.P2P.fantom	0.00613297093371534	0.79345645579059	121784	0.00623457909793017
dnase.thurman.0.P2P.thurman	0.0176424899755177	0.344242029423378	337535	0.0179347824122447
dnase.thurman.0.P2P.thurman.fantom	0.0184744537485241	0.455936147940815	354511	0.0187805297678869
dnase.thurman.0.fantom	0.00146194481956452	0.489301415816356	28423	0.00148616563047408
dnase.thurman.0.thurman	0.0138635954400118	0.292437454305854	259742	0.01409328093784
dnase.thurman.0.thurman.fantom	0.0148679593105697	0.345175019414986	280254	0.0151142846343802
dnase.thurman.500.P2P	0.0117818215227161	0.702560803052716	106382	0.0119695035114845
dnase.thurman.500.P2P.fantom	0.0146800808911401	0.724677352431389	133093	0.0149143869689784
dnase.thurman.500.P2P.thurman	0.0433349958637736	0.78466588242047	347379	0.0440431963717132
dnase.thurman.500.P2P.thurman.fantom	0.0453844696278715	0.795420853351012	366811	0.04612516443296
dnase.thurman.500.fantom	0.00345229399975928	0.104160402704426	32428	0.00350776790588219
dnase.thurman.500.thurman	0.0342138781704838	0.29796735908601	263514	0.0347784027075134
dnase.thurman.500.thurman.fantom	0.0366516299763824	0.736326688733402	287103	0.0372547165945117
dnase.thurman.500.E	0.138923209302217	0.752244338641481	1126654	0.141163656485357
dnase.thurman.500.E.fantom	0.139792889846667	0.80254091945331	1134618	0.142047321348558
dnase.thurman.500.E.thurman	0.151313064494455	0.810336336636366	1221033	0.153757835759569
dnase.thurman.500.E.thurman.fantom	0.151903757740554	0.3573667185014	1226625	0.154357863737205
dnase.thurman.500.P2P.E	0.140300071651697	0.47622186622458	1139232	0.142562453337947
dnase.thurman.500.P2P.E.fantom	0.141098924018052	0.510100123570422	1146454	0.143374167290876
dnase.thurman.500.P2P.E.thurman	0.15238788285174	0.311095442787444	1231029	0.154849583528748
dnase.thurman.500.P2P.E.thurman.fantom	0.152926391496482	0.365749625064732	1236059	0.15539661757323
dnase.thurman.fantom.0.E	0.0561235540065746	0.691585219013499	1119353	0.0570533825274422
dnase.thurman.fantom.0.E.fantom	0.0567439410992394	0.712925733487497	1125146	0.0576840479002863
dnase.thurman.fantom.0.E.thurman	0.0612181821652618	0.769465706889915	1212490	0.0622324160779299
dnase.thurman.fantom.0.E.thurman.fantom	0.0616008999591417	0.779603389109291	1216359	0.0626214745593605
dnase.thurman.fantom.0.P2P	0.00507559659116675	0.0999704888467918	96318	0.0051596866769502
dnase.thurman.fantom.0.P2P.E	0.056703394632532	0.28819075044268	1130233	0.0576428296788791
dnase.thurman.fantom.0.P2P.E.fantom	0.057273556143638	0.723607833018031	1135658	0.058222437356464
dnase.thurman.fantom.0.P2P.E.thurman	0.0616596222528479	0.739065870380262	1221192	0.0626811697362788
dnase.thurman.fantom.0.P2P.E.thurman.fantom	0.0620129080383313	0.78668215865778	1224832	0.0630403085937064
dnase.thurman.fantom.0.P2P.fantom	0.00710381348106977	0.794225965403605	114915	0.00722150610582493
dnase.thurman.fantom.0.P2P.thurman	0.0181483873753534	0.345840835670791	334874	0.0184490612811324
dnase.thurman.fantom.0.P2P.thurman.fantom	0.0194464275384547	0.458411397958358	347637	0.0197686067602503
dnase.thurman.fantom.0.fantom	0.0024319643561683	0.490637890561088	21565	0.00247225599236499
dnase.thurman.fantom.0.thurman	0.0143241293770129	0.296524393504214	258906	0.0145614447834781
dnase.thurman.fantom.0.thurman.fantom	0.0158395225484192	0.346947187200711	273392	0.0161019442728296
dnase.thurman.fantom.500.E	0.139093779074702	0.702724037104255	1120955	0.141337107092216
dnase.thurman.fantom.500.E.fantom	0.140069483423016	0.724834469352788	1127887	0.142328732238906
dnase.thurman.fantom.500.E.thurman	0.151540347016248	0.785364261355922	1215229	0.153988850518756
dnase.thurman.fantom.500.E.thurman.fantom	0.15219334535382	0.795661264756621	1219960	0.154652408031637
dnase.thurman.fantom.500.P2P	0.0117856864955964	0.104007110791371	104358	0.0119734974463075
dnase.thurman.fantom.500.P2P.E	0.140469909294155	0.298284786665621	1133258	0.142735179066955
dnase.thurman.fantom.500.P2P.E.fantom	0.141374890962277	0.736549760499285	1139683	0.143654930507387
dnase.thurman.fantom.500.P2P.E.thurman	0.152606218706474	0.752453272834654	1224957	0.155071527623924
dnase.thurman.fantom.500.P2P.E.thurman.fantom	0.153214267310939	0.802949072562931	1229352	0.155689417186169
dnase.thurman.fantom.500.P2P.fantom	0.0149498704882637	0.810582715419894	126898	0.0151891825413675
dnase.thurman.fantom.500.P2P.thurman	0.0435128685061698	0.357442228134512	344951	0.0442238127385345
dnase.thurman.fantom.500.P2P.thurman.fantom	0.0456897665780023	0.477880058084091	360804	0.0464358391977402
dnase.thurman.fantom.500.fantom	0.0037275208698383	0.510377038657333	26516	0.00378819032643383
dnase.thurman.fantom.500.thurman	0.0344596008995638	0.314585279325408	263061	0.0350278647035119
dnase.thurman.fantom.500.thurman.fantom	0.0369710013636437	0.36614579788199	281417	0.0375797387076551
fantom.0.E	0.00156953107279599	0.0772579063128044	16024	0.00159553432190781
fantom.0.E.fantom	0.00210274194331595	0.0980888473117746	21839	0.00213757917815483
fantom.0.E.thurman	0.00176568567562353	0.0874208929125509	17944	0.00179493872149959
fantom.0.E.thurman.fantom	0.00210324973141616	0.0981021561743469	21846	0.00213809537904832
fantom.0.P2P	0.000336719119272948	0.0975493179895122	2953	0.000342297722520075
fantom.0.P2P.E	0.0016116838404087	0.0402406678491156	16392	0.00163838545665449
fantom.0.P2P.E.fantom	0.00210296819183119	0.0826759080461279	21842	0.00213780917504855
fantom.0.P2P.E.thurman	0.00179060161112877	0.0980908917449749	18175	0.00182026745244993
fantom.0.P2P.E.thurman.fantom	0.00210341338027199	0.090116506686355	21848	0.00213826173916106
fantom.0.P2P.fantom	0.00208998368785701	0.0981035941526026	21686	0.00212460954994853
fantom.0.P2P.thurman	0.000945170649464711	0.0976685851876543	8810	0.000960829790132392
fantom.0.P2P.thurman.fantom	0.00209226047242397	0.0642468043280248	21712	0.00212692405520627
fantom.0.fantom	0.00208841138778202	0.0978277779027693	21670	0.00212301120074891
fantom.0.thurman	0.000760438419008957	0.0456612391822421	7079	0.000773037003380059
fantom.0.thurman.fantom	0.00209117308138585	0.0977581150400911	21701	0.00212581864878729
fantom.500.E	0.00264468975614833	0.0812402145481415	16601	0.00268850572624575
fantom.500.E.fantom	0.00358995954822084	0.103297070341503	22530	0.00364943630153381
fantom.500.E.thurman	0.00297894174975793	0.0924394172489821	18660	0.00302829544893036
fantom.500.E.thurman.fantom	0.00359166594502817	0.103311475970792	22543	0.00365117096911707
fantom.500.P2P	0.000537765392948177	0.102699059655976	3329	0.000546674835850531
fantom.500.P2P.E	0.00271243243834045	0.0431658258254807	17021	0.00275737073718375
fantom.500.P2P.E.fantom	0.00359049593515022	0.0869922985476294	22540	0.00364998157506836
fantom.500.P2P.E.thurman	0.00302192769659388	0.103299511473751	18932	0.00307199356661992
fantom.500.P2P.E.thurman.fantom	0.00359200849544871	0.0952820189171412	22551	0.0036515191947511
fantom.500.P2P.fantom	0.00356487201974056	0.103313221324498	22235	0.00362393313473711
fantom.500.P2P.thurman	0.00156229048477887	0.102824554667491	9600	0.00158817377525006
fantom.500.P2P.thurman.fantom	0.00357015295242978	0.0693544801664195	22274	0.00362930155942355
fantom.500.fantom	0.00356186755385353	0.103007927310929	22163	0.00362087889227906
fantom.500.thurman	0.00125308121481718	0.0498331080259603	7628	0.00127384167222449
fantom.500.thurman.fantom	0.00356802138636207	0.102934165445784	22211	0.00362713467857653
thurman.0.E	0.0152731684947705	0.297959208757568	318349	0.0155262071328579
thurman.0.E.fantom	0.0154023080967259	0.309407915673668	321043	0.015657486258712
thurman.0.E.thurman	0.0197548652755583	0.374660259458762	412010	0.0200821545480259
thurman.0.E.thurman.fantom	0.0197834650580258	0.376335124170289	412605	0.0201112281581742
thurman.0.P2P	0.00135885525557338	0.0506238949825401	28322	0.00138136812730304
thurman.0.P2P.E	0.0154190241123777	0.142604810656792	321390	0.0156744792174117
thurman.0.P2P.E.fantom	0.0155391642983219	0.313647711914269	323899	0.0157966098291828
thurman.0.P2P.E.thurman	0.0197963138764438	0.322400704420606	412875	0.0201242898497438
thurman.0.P2P.E.thurman.fantom	0.0198230458376016	0.376895925762999	413432	0.0201514646934015
thurman.0.P2P.fantom	0.00178617038143076	0.378359042346252	37223	0.00181576280823233
thurman.0.P2P.thurman	0.012862763207092	0.172197342908389	268376	0.0130758673894415
thurman.0.P2P.thurman.fantom	0.0129779793101821	0.311592395295839	270775	0.0131929923384808
thurman.0.fantom	0.000505650814375271	0.318171767072143	10526	0.000514028198115989
thurman.0.thurman	0.0124784893191403	0.287568457504715	260374	0.0126852270333078
thurman.0.thurman.fantom	0.0126096124087813	0.29660063916863	263103	0.0128185225083341
thurman.500.E	0.0479435278164151	0.346931012872035	319119	0.0487377931502734
thurman.500.E.fantom	0.0484083433159082	0.360739917222156	322326	0.0492103078781608
thurman.500.E.thurman	0.0618473846881369	0.435396125031789	412246	0.0628719696032048
thurman.500.E.thurman.fantom	0.0619553992882764	0.437416048958382	412982	0.0629817737381957
thurman.500.P2P	0.00470552615284154	0.0630020246915676	31990	0.00478347765680946
thurman.500.P2P.E	0.0484852611380287	0.171254281105914	322801	0.049288500361439
thurman.500.P2P.E.fantom	0.0489144504404912	0.366918882167173	325759	0.049724798654299
thurman.500.P2P.E.thurman	0.0620088152281119	0.3770991190096	413325	0.0630360743250506
thurman.500.P2P.E.thurman.fantom	0.0621087427148908	0.438291857367125	414005	0.0631376573632084
thurman.500.P2P.fantom	0.00621413727079183	0.439980597982024	42420	0.00631708079267214
thurman.500.P2P.thurman	0.0402111435288302	0.205991899946325	269659	0.0408772807308842
thurman.500.P2P.thurman.fantom	0.0406402826244593	0.36384109699652	272591	0.0413135296002544
thurman.500.fantom	0.001815867723409	0.371898938431906	12582	0.00184594990053318
thurman.500.thurman	0.0388291820081087	0.334224738684349	260379	0.0394724248168686
thurman.500.thurman.fantom	0.0393251146225662	0.345797026115067	263767	0.0399765734854936
thurman.fantom.0.E	0.0165235039042222	0.333502425474329	326456	0.0167972575085113
thurman.fantom.0.E.fantom	0.0170778858524496	0.354518807539782	332267	0.0173608241948765
thurman.fantom.0.E.thurman	0.0211166350695892	0.410664148479807	419926	0.0214664855004824
thurman.fantom.0.E.thurman.fantom	0.0214593068762722	0.420758378560971	423828	0.0218148345317245
thurman.fantom.0.P2P	0.00163039414774812	0.0981122892460691	29652	0.00165740574752411
thurman.fantom.0.P2P.E	0.0167036523778911	0.160801188895561	329679	0.0169803905969604
thurman.fantom.0.P2P.E.fantom	0.0172148920390163	0.351825354740037	335124	0.0175001002351982
thurman.fantom.0.P2P.E.thurman	0.0211813898096623	0.367275561627229	420983	0.0215323130664883
thurman.fantom.0.P2P.E.thurman.fantom	0.0214990033222237	0.415197373969099	424656	0.0218551886496334
thurman.fantom.0.P2P.fantom	0.00345101531433047	0.422739434696445	48348	0.00350819010523625
thurman.fantom.0.P2P.thurman	0.0134782929475041	0.21823368379578	269000	0.0137015949357162
thurman.fantom.0.P2P.thurman.fantom	0.0146440466841466	0.330551973106849	281895	0.0148866623293753
thurman.fantom.0.fantom	0.0021692834746828	0.362906194787616	21644	0.00220522313816831
thurman.fantom.0.thurman	0.012922751793401	0.291640624701972	259601	0.0131368498383001
thurman.fantom.0.thurman.fantom	0.0142748195935172	0.341665835039721	274217	0.0145113180587915
thurman.fantom.500.E	0.0493218382199455	0.377590878990512	327230	0.0501382119332045
thurman.fantom.500.E.fantom	0.0502764773062199	0.399659332365325	333363	0.0511085746423405
thurman.fantom.500.E.thurman	0.0632202034809365	0.465986139634728	420187	0.0642667024236032
thurman.fantom.500.E.thurman.fantom	0.0638372546790606	0.476104532942455	424128	0.0648938739110506
thurman.fantom.500.P2P	0.0049503801130443	0.103042360791325	33305	0.00503222026645649
thurman.fantom.500.P2P.E	0.0498968904486049	0.186051770910051	331098	0.0507227706815619
thurman.fantom.500.P2P.E.fantom	0.0507842040778284	0.399789840115493	336807	0.0516246976857596
thurman.fantom.500.P2P.E.thurman	0.0634142948371216	0.415943367941045	421464	0.0644639980876301
thurman.fantom.500.P2P.E.thurman.fantom	0.0639916988428333	0.471082041948112	425160	0.0650508732794213
thurman.fantom.500.P2P.fantom	0.0080185527519408	0.478661167590172	52960	0.00815089641888547
thurman.fantom.500.P2P.thurman	0.0404438433043991	0.245431132418042	270421	0.0411133531605278
thurman.fantom.500.P2P.thurman.fantom	0.0424895680797572	0.378468682601802	283494	0.043192634263682
thurman.fantom.500.fantom	0.00360579885087604	0.410741112776632	23011	0.00366514618767471
thurman.fantom.500.thurman	0.0388225273783249	0.33435346858402	259679	0.0394652697168743
thurman.fantom.500.thurman.fantom	0.041169245297788	0.384825138979915	274629	0.0418504596098509
