ldef	mean_chipenrich_caught	prop_covered	n
5kb	0.498982884553564	0.0907323270783384	297
5kb_outside	0.494297291270352	0.894593398510346	297
chromhmm_dnase_fantom.0.E	0.131506856095545	0.062462286990206	297
chromhmm_dnase_fantom.0.E_fantom	0.317633828660263	0.134497512766591	297
chromhmm_dnase_fantom.0.E_thurman	0.295059801326452	0.123959214026744	297
chromhmm_dnase_fantom.0.E_thurman_fantom	0.360845013969892	0.191335347502919	297
chromhmm_dnase_fantom.0.fantom	0.259076370742093	0.0773483517152929	297
chromhmm_dnase_fantom.0.nearest_tss_500000	0.437145039992151	0.188798753755888	297
chromhmm_dnase_fantom.0.P2P	0.16264637383023	0.0276472275586679	297
chromhmm_dnase_fantom.0.P2P_E	0.249476645622766	0.086274440389349	297
chromhmm_dnase_fantom.0.P2P_E_fantom	0.347292780010728	0.156350364621941	297
chromhmm_dnase_fantom.0.P2P_E_thurman	0.334714947666699	0.145222406823407	297
chromhmm_dnase_fantom.0.P2P_E_thurman_fantom	0.377021522240452	0.211035895533477	297
chromhmm_dnase_fantom.0.P2P_fantom	0.301755818363386	0.102582667648645	297
chromhmm_dnase_fantom.0.P2P_thurman	0.280913103346442	0.0918609318497357	297
chromhmm_dnase_fantom.0.P2P_thurman_fantom	0.342675703353928	0.16178806327447	297
chromhmm_dnase_fantom.0.thurman	0.226258063172717	0.0676737630238822	297
chromhmm_dnase_fantom.0.thurman_fantom	0.319118034834043	0.139500795741282	297
chromhmm_dnase_fantom.1000.E	0.132087757160674	0.103753284324551	297
chromhmm_dnase_fantom.1000.E_fantom	0.356720651765469	0.230195544815904	297
chromhmm_dnase_fantom.1000.E_thurman	0.311618247619292	0.197456755530994	297
chromhmm_dnase_fantom.1000.E_thurman_fantom	0.393713920172157	0.316652561391111	297
chromhmm_dnase_fantom.1000.fantom	0.305789358909474	0.135488147182279	297
chromhmm_dnase_fantom.1000.nearest_tss_500000	0.463570170776917	0.315955636562026	297
chromhmm_dnase_fantom.1000.P2P	0.181774429333206	0.0426263799731655	297
chromhmm_dnase_fantom.1000.P2P_E	0.269052630117681	0.141340075731898	297
chromhmm_dnase_fantom.1000.P2P_E_fantom	0.381138719128787	0.264675915804175	297
chromhmm_dnase_fantom.1000.P2P_E_thurman	0.356565808055318	0.231489894006103	297
chromhmm_dnase_fantom.1000.P2P_E_thurman_fantom	0.407597920229428	0.348135250744518	297
chromhmm_dnase_fantom.1000.P2P_fantom	0.340136768989295	0.174358814522398	297
chromhmm_dnase_fantom.1000.P2P_thurman	0.301755931438597	0.140337423655483	297
chromhmm_dnase_fantom.1000.P2P_thurman_fantom	0.375770612826297	0.264300559904535	297
chromhmm_dnase_fantom.1000.thurman	0.242582416313078	0.102395766422885	297
chromhmm_dnase_fantom.1000.thurman_fantom	0.356343343213249	0.229379596594319	297
chromhmm_dnase_thurman_fantom.0.E	0.132093927342903	0.0639964741631247	297
chromhmm_dnase_thurman_fantom.0.E_fantom	0.319751245475519	0.138532957183449	297
chromhmm_dnase_thurman_fantom.0.E_thurman	0.296652711283202	0.126710932719476	297
chromhmm_dnase_thurman_fantom.0.E_thurman_fantom	0.363090318270274	0.196467200356347	297
chromhmm_dnase_thurman_fantom.0.fantom	0.260955133580601	0.0800900196729813	297
chromhmm_dnase_thurman_fantom.0.nearest_tss_500000	0.439853550877577	0.193607755899431	297
chromhmm_dnase_thurman_fantom.0.P2P	0.163526583738627	0.0277919250004887	297
chromhmm_dnase_thurman_fantom.0.P2P_E	0.250894164315122	0.0879288768511329	297
chromhmm_dnase_thurman_fantom.0.P2P_E_fantom	0.349456315751595	0.160480764483884	297
chromhmm_dnase_thurman_fantom.0.P2P_E_thurman	0.336578292204157	0.148070094950338	297
chromhmm_dnase_thurman_fantom.0.P2P_E_thurman_fantom	0.379310333990794	0.216237890655874	297
chromhmm_dnase_thurman_fantom.0.P2P_fantom	0.303691973868541	0.105422870539591	297
chromhmm_dnase_thurman_fantom.0.P2P_thurman	0.282357294624085	0.093264489185784	297
chromhmm_dnase_thurman_fantom.0.P2P_thurman_fantom	0.344770548102163	0.165755134977113	297
chromhmm_dnase_thurman_fantom.0.thurman	0.227422140050178	0.0689597845175642	297
chromhmm_dnase_thurman_fantom.0.thurman_fantom	0.321178918655875	0.143380588468198	297
chromhmm_dnase_thurman_fantom.1000.E	0.132681017526378	0.109693966801886	297
chromhmm_dnase_thurman_fantom.1000.E_fantom	0.361009217548081	0.249189409300861	297
chromhmm_dnase_thurman_fantom.1000.E_thurman	0.313078284524788	0.207520265739393	297
chromhmm_dnase_thurman_fantom.1000.E_thurman_fantom	0.397086436703588	0.339152101520882	297
chromhmm_dnase_thurman_fantom.1000.fantom	0.310901732272419	0.149683627821297	297
chromhmm_dnase_thurman_fantom.1000.nearest_tss_500000	0.465743235422533	0.334568296054992	297
chromhmm_dnase_thurman_fantom.1000.P2P	0.182504628398564	0.0439109103633904	297
chromhmm_dnase_thurman_fantom.1000.P2P_E	0.270140850924186	0.148466712964503	297
chromhmm_dnase_thurman_fantom.1000.P2P_E_fantom	0.384872456282035	0.284763592861885	297
chromhmm_dnase_thurman_fantom.1000.P2P_E_thurman	0.358121470622507	0.242626651123998	297
chromhmm_dnase_thurman_fantom.1000.P2P_E_thurman_fantom	0.410728397791052	0.371635236660277	297
chromhmm_dnase_thurman_fantom.1000.P2P_fantom	0.344340377616627	0.189711391767111	297
chromhmm_dnase_thurman_fantom.1000.P2P_thurman	0.302896693644544	0.145907682245219	297
chromhmm_dnase_thurman_fantom.1000.P2P_thurman_fantom	0.379090648516924	0.283294885352368	297
chromhmm_dnase_thurman_fantom.1000.thurman	0.243599559357711	0.106797999032064	297
chromhmm_dnase_thurman_fantom.1000.thurman_fantom	0.359960775398528	0.247297463251877	297
chromhmm_dnase_thurman.0.E	0.13194599637952	0.0637835807041396	297
chromhmm_dnase_thurman.0.E_fantom	0.318829709250234	0.138183272425865	297
chromhmm_dnase_thurman.0.E_thurman	0.296007400997518	0.126183687775705	297
chromhmm_dnase_thurman.0.E_thurman_fantom	0.362337290147921	0.195763886975905	297
chromhmm_dnase_thurman.0.fantom	0.260026592947899	0.0799415447259988	297
chromhmm_dnase_thurman.0.nearest_tss_500000	0.439089980082694	0.192971620347656	297
chromhmm_dnase_thurman.0.P2P	0.162996730429386	0.0277490906632679	297
chromhmm_dnase_thurman.0.P2P_E	0.250302724806838	0.087675183816772	297
chromhmm_dnase_thurman.0.P2P_E_fantom	0.348662344743373	0.160098216658904	297
chromhmm_dnase_thurman.0.P2P_E_thurman	0.335854167963711	0.147469347263321	297
chromhmm_dnase_thurman.0.P2P_E_thurman_fantom	0.378563475379012	0.215473976324229	297
chromhmm_dnase_thurman.0.P2P_fantom	0.302937817978918	0.105240471050785	297
chromhmm_dnase_thurman.0.P2P_thurman	0.281650682972744	0.0928698752456761	297
chromhmm_dnase_thurman.0.P2P_thurman_fantom	0.344058989389379	0.165188530199757	297
chromhmm_dnase_thurman.0.thurman	0.226826730646094	0.0685702970531632	297
chromhmm_dnase_thurman.0.thurman_fantom	0.320461879658654	0.142815742262597	297
chromhmm_dnase_thurman.1000.E	0.132603073624605	0.109208095456637	297
chromhmm_dnase_thurman.1000.E_fantom	0.360827555523119	0.248529257809395	297
chromhmm_dnase_thurman.1000.E_thurman	0.312820631798169	0.206278695990863	297
chromhmm_dnase_thurman.1000.E_thurman_fantom	0.396909697626657	0.337582576552755	297
chromhmm_dnase_thurman.1000.fantom	0.310636429202646	0.149490034396594	297
chromhmm_dnase_thurman.1000.nearest_tss_500000	0.465607774864764	0.333209089032881	297
chromhmm_dnase_thurman.1000.P2P	0.182547918802983	0.0438530919869672	297
chromhmm_dnase_thurman.1000.P2P_E	0.270109770128316	0.147925024409624	297
chromhmm_dnase_thurman.1000.P2P_E_fantom	0.384757586382472	0.284030461611683	297
chromhmm_dnase_thurman.1000.P2P_E_thurman	0.35794581136732	0.241306542927761	297
chromhmm_dnase_thurman.1000.P2P_E_thurman_fantom	0.410563164286657	0.369993455842176	297
chromhmm_dnase_thurman.1000.P2P_fantom	0.34426249089122	0.189439192058539	297
chromhmm_dnase_thurman.1000.P2P_thurman	0.302740649067246	0.144975471239917	297
chromhmm_dnase_thurman.1000.P2P_thurman_fantom	0.378930842297434	0.282002725009011	297
chromhmm_dnase_thurman.1000.thurman	0.243347786952894	0.105885538686981	297
chromhmm_dnase_thurman.1000.thurman_fantom	0.359764133299705	0.246039154445713	297
chromhmm_dnase.0.E	0.131324310166839	0.0622421053431366	297
chromhmm_dnase.0.E_fantom	0.316604326573533	0.134124315995093	297
chromhmm_dnase.0.E_thurman	0.294307325331127	0.123320874122718	297
chromhmm_dnase.0.E_thurman_fantom	0.359977876831922	0.190537440470259	297
chromhmm_dnase.0.fantom	0.258048490743414	0.0771851269253832	297
chromhmm_dnase.0.nearest_tss_500000	0.436266456790407	0.188141729834541	297
chromhmm_dnase.0.P2P	0.162055692278752	0.0276035042446894	297
chromhmm_dnase.0.P2P_E	0.248806143608116	0.0859900175733875	297
chromhmm_dnase.0.P2P_E_fantom	0.346388157869309	0.155886850460697	297
chromhmm_dnase.0.P2P_E_thurman	0.333881862686923	0.144444601260835	297
chromhmm_dnase.0.P2P_E_thurman_fantom	0.376160554613052	0.210061568608217	297
chromhmm_dnase.0.P2P_fantom	0.300899637836033	0.102349813883396	297
chromhmm_dnase.0.P2P_thurman	0.280100200697796	0.0913682736579457	297
chromhmm_dnase.0.P2P_thurman_fantom	0.341851141524784	0.161075305162035	297
chromhmm_dnase.0.thurman	0.225558157801016	0.0672682985280719	297
chromhmm_dnase.0.thurman_fantom	0.318287992720462	0.138920116898389	297
chromhmm_dnase.1000.E	0.131995368839514	0.103231229493267	297
chromhmm_dnase.1000.E_fantom	0.356501183644315	0.229431798136489	297
chromhmm_dnase.1000.E_thurman	0.311345660038267	0.196156829562181	297
chromhmm_dnase.1000.E_thurman_fantom	0.393497339095686	0.31503248911409	297
chromhmm_dnase.1000.fantom	0.305484233774052	0.1352338562206	297
chromhmm_dnase.1000.nearest_tss_500000	0.463401862593237	0.314484705641527	297
chromhmm_dnase.1000.P2P	0.181806607751553	0.0425618829650321	297
chromhmm_dnase.1000.P2P_E	0.268996698388671	0.140766787477391	297
chromhmm_dnase.1000.P2P_E_fantom	0.380988862882587	0.26385545938505	297
chromhmm_dnase.1000.P2P_E_thurman	0.35635701200435	0.230087437877092	297
chromhmm_dnase.1000.P2P_E_thurman_fantom	0.407404261109996	0.34639731216611	297
chromhmm_dnase.1000.P2P_fantom	0.340023898690616	0.174018510213966	297
chromhmm_dnase.1000.P2P_thurman	0.301564095966914	0.139311481809344	297
chromhmm_dnase.1000.P2P_thurman_fantom	0.375582945301933	0.262899000504986	297
chromhmm_dnase.1000.thurman	0.242330294973533	0.101418305143891	297
chromhmm_dnase.1000.thurman_fantom	0.35610742342505	0.228056173793972	297
chromhmm_fantom.0.E	0.106035842705199	0.0512148438672079	297
chromhmm_fantom.0.E_fantom	0.270461379075957	0.118212718702047	297
chromhmm_fantom.0.E_thurman	0.245940635282921	0.103985779204197	297
chromhmm_fantom.0.E_thurman_fantom	0.300998053355384	0.166537961061767	297
chromhmm_fantom.0.fantom	0.23004666932427	0.0719447698070485	297
chromhmm_fantom.0.nearest_tss_500000	0.350453891278315	0.155248347103823	297
chromhmm_fantom.0.P2P	0.133124622728704	0.0260178940303222	297
chromhmm_fantom.0.P2P_E	0.202867656613226	0.0735709886864486	297
chromhmm_fantom.0.P2P_E_fantom	0.289232429900627	0.138649004183564	297
chromhmm_fantom.0.P2P_E_thurman	0.274306593416756	0.12386249742567	297
chromhmm_fantom.0.P2P_E_thurman_fantom	0.310265301789362	0.184884678893663	297
chromhmm_fantom.0.P2P_fantom	0.256923810701621	0.0955989531346387	297
chromhmm_fantom.0.P2P_thurman	0.23356117981559	0.0810259965543888	297
chromhmm_fantom.0.P2P_thurman_fantom	0.286547803425168	0.145823323454772	297
chromhmm_fantom.0.thurman	0.19505978584723	0.0583788804683024	297
chromhmm_fantom.0.thurman_fantom	0.273387924067245	0.125035253524928	297
chromhmm_fantom.1000.E	0.112769970416694	0.0620027489971705	297
chromhmm_fantom.1000.E_fantom	0.289801209784429	0.138499342426767	297
chromhmm_fantom.1000.E_thurman	0.261380205542656	0.124046364113762	297
chromhmm_fantom.1000.E_thurman_fantom	0.321818424481073	0.195564733893143	297
chromhmm_fantom.1000.fantom	0.246528827969847	0.082150136414178	297
chromhmm_fantom.1000.nearest_tss_500000	0.377310049571669	0.189115886523335	297
chromhmm_fantom.1000.P2P	0.14564801739229	0.0288496464735998	297
chromhmm_fantom.1000.P2P_E	0.219436888366045	0.0869137312917664	297
chromhmm_fantom.1000.P2P_E_fantom	0.311506529917028	0.161302987873527	297
chromhmm_fantom.1000.P2P_E_thurman	0.294444126403234	0.146306819565246	297
chromhmm_fantom.1000.P2P_E_thurman_fantom	0.333383444594864	0.216135020345776	297
chromhmm_fantom.1000.P2P_fantom	0.277055635480949	0.108396702594877	297
chromhmm_fantom.1000.P2P_thurman	0.250701927742822	0.0937441551373135	297
chromhmm_fantom.1000.P2P_thurman_fantom	0.307750265168776	0.167927099336937	297
chromhmm_fantom.1000.thurman	0.206385722615821	0.0684863036089055	297
chromhmm_fantom.1000.thurman_fantom	0.291687650540519	0.144707959656231	297
chromhmm_thurman_fantom.0.E	0.115288998251424	0.0548775615202661	297
chromhmm_thurman_fantom.0.E_fantom	0.297820678519131	0.127965318011215	297
chromhmm_thurman_fantom.0.E_thurman	0.265827332751349	0.110746214542744	297
chromhmm_thurman_fantom.0.E_thurman_fantom	0.329938091411656	0.179125161286977	297
chromhmm_thurman_fantom.0.fantom	0.254469537839219	0.0785579845215599	297
chromhmm_thurman_fantom.0.nearest_tss_500000	0.383644388070557	0.166650470244494	297
chromhmm_thurman_fantom.0.P2P	0.146596102857791	0.0265191596620421	297
chromhmm_thurman_fantom.0.P2P_E	0.222070702192854	0.0776926183016715	297
chromhmm_thurman_fantom.0.P2P_E_fantom	0.317828205454916	0.148821639196241	297
chromhmm_thurman_fantom.0.P2P_E_thurman	0.298666190106283	0.131073263451829	297
chromhmm_thurman_fantom.0.P2P_E_thurman_fantom	0.340037400597884	0.197884811084055	297
chromhmm_thurman_fantom.0.P2P_fantom	0.283278708968507	0.102649379345969	297
chromhmm_thurman_fantom.0.P2P_thurman	0.253942349093314	0.084803084362231	297
chromhmm_thurman_fantom.0.P2P_thurman_fantom	0.31455826788573	0.155863387870273	297
chromhmm_thurman_fantom.0.thurman	0.209277823928422	0.0616703976712158	297
chromhmm_thurman_fantom.0.thurman_fantom	0.300088324080058	0.134634910068241	297
chromhmm_thurman_fantom.1000.E	0.121916422633441	0.0803058068288399	297
chromhmm_thurman_fantom.1000.E_fantom	0.329854023564216	0.194892105070193	297
chromhmm_thurman_fantom.1000.E_thurman	0.285947450464773	0.157617247919043	297
chromhmm_thurman_fantom.1000.E_thurman_fantom	0.361090796964333	0.26552939615931	297
chromhmm_thurman_fantom.1000.fantom	0.286171133977199	0.123290412455474	297
chromhmm_thurman_fantom.1000.nearest_tss_500000	0.417267076798566	0.246877090628761	297
chromhmm_thurman_fantom.1000.P2P	0.162440661389176	0.0332442229642697	297
chromhmm_thurman_fantom.1000.P2P_E	0.242487160904759	0.109246958471089	297
chromhmm_thurman_fantom.1000.P2P_E_fantom	0.350635438226051	0.221288338822216	297
chromhmm_thurman_fantom.1000.P2P_E_thurman	0.324159541902517	0.183599576418468	297
chromhmm_thurman_fantom.1000.P2P_E_thurman_fantom	0.372243651022026	0.289434977720794	297
chromhmm_thurman_fantom.1000.P2P_fantom	0.315541728193521	0.153428690176835	297
chromhmm_thurman_fantom.1000.P2P_thurman	0.275622204709868	0.114031292478692	297
chromhmm_thurman_fantom.1000.P2P_thurman_fantom	0.345728873655528	0.227035448225698	297
chromhmm_thurman_fantom.1000.thurman	0.224949229092792	0.0847525209018698	297
chromhmm_thurman_fantom.1000.thurman_fantom	0.330020319802454	0.200238044006949	297
chromhmm_thurman.0.E	0.114813197677389	0.054614959336567	297
chromhmm_thurman.0.E_fantom	0.296551748304803	0.127568716471547	297
chromhmm_thurman.0.E_thurman	0.264278189915506	0.110014291745322	297
chromhmm_thurman.0.E_thurman_fantom	0.328255421818236	0.178319278013727	297
chromhmm_thurman.0.fantom	0.253474991616639	0.0784119229268147	297
chromhmm_thurman.0.nearest_tss_500000	0.38177377763933	0.165876235448302	297
chromhmm_thurman.0.P2P	0.145623714808324	0.0264665685464816	297
chromhmm_thurman.0.P2P_E	0.220849783210137	0.0773653294916134	297
chromhmm_thurman.0.P2P_E_fantom	0.316401915087565	0.148365738190602	297
chromhmm_thurman.0.P2P_E_thurman	0.296967203055622	0.13027519781176	297
chromhmm_thurman.0.P2P_E_thurman_fantom	0.338320692215841	0.197006508831012	297
chromhmm_thurman.0.P2P_fantom	0.282047825550174	0.10245722437094	297
chromhmm_thurman.0.P2P_thurman	0.252335220171444	0.0842651122599672	297
chromhmm_thurman.0.P2P_thurman_fantom	0.312944898379368	0.155199340321876	297
chromhmm_thurman.0.thurman	0.207865222184874	0.0611896586162018	297
chromhmm_thurman.0.thurman_fantom	0.298530648101122	0.134039327297423	297
chromhmm_thurman.1000.E	0.121587939988022	0.0795575561901397	297
chromhmm_thurman.1000.E_fantom	0.32908768317718	0.193872205164925	297
chromhmm_thurman.1000.E_thurman	0.284979289215664	0.155699313190157	297
chromhmm_thurman.1000.E_thurman_fantom	0.360118702752176	0.263250386335102	297
chromhmm_thurman.1000.fantom	0.28549815811964	0.122989645646767	297
chromhmm_thurman.1000.nearest_tss_500000	0.41613460919139	0.244758619282428	297
chromhmm_thurman.1000.P2P	0.161996058090945	0.033128815239229	297
chromhmm_thurman.1000.P2P_E	0.241884444155087	0.108393493298333	297
chromhmm_thurman.1000.P2P_E_fantom	0.34982508701245	0.22016475005049	297
chromhmm_thurman.1000.P2P_E_thurman	0.32312224056881	0.181574379795537	297
chromhmm_thurman.1000.P2P_E_thurman_fantom	0.371254325435334	0.287080212346687	297
chromhmm_thurman.1000.P2P_fantom	0.314862857826107	0.153012462666275	297
chromhmm_thurman.1000.P2P_thurman	0.274649590259541	0.112588086520825	297
chromhmm_thurman.1000.P2P_thurman_fantom	0.344809993523459	0.22525076827014	297
chromhmm_thurman.1000.thurman	0.224022617011477	0.0833697921749651	297
chromhmm_thurman.1000.thurman_fantom	0.329109040744297	0.198490353495641	297
chromhmm.0.E	0.105056818356878	0.0509204265233086	297
chromhmm.0.E_fantom	0.267725965529762	0.117706052019677	297
chromhmm.0.E_thurman	0.24299331224642	0.103166831332114	297
chromhmm.0.E_thurman_fantom	0.297781744727378	0.165484668320977	297
chromhmm.0.fantom	0.22770286486891	0.0717293476743499	297
chromhmm.0.nearest_tss_500000	0.347020180079199	0.154376898241366	297
chromhmm.0.P2P	0.131427628037048	0.0259566945057437	297
chromhmm.0.P2P_E	0.200659736325207	0.0732273700969363	297
chromhmm.0.P2P_E_fantom	0.286319244464425	0.138093791036063	297
chromhmm.0.P2P_E_thurman	0.271149931018369	0.123003684179077	297
chromhmm.0.P2P_E_thurman_fantom	0.307013563464118	0.183805819995355	297
chromhmm.0.P2P_fantom	0.254295751816557	0.0953077376576081	297
chromhmm.0.P2P_thurman	0.230564863321943	0.0804703928644099	297
chromhmm.0.P2P_thurman_fantom	0.283432929403995	0.145016106393356	297
chromhmm.0.thurman	0.192326840276921	0.0578231843919309	297
chromhmm.0.thurman_fantom	0.270338773723227	0.124217026331314	297
chromhmm.1000.E	0.111771747946754	0.0610031766825319	297
chromhmm.1000.E_fantom	0.28663385276509	0.136771861923408	297
chromhmm.1000.E_thurman	0.25794901888567	0.121421052295271	297
chromhmm.1000.E_thurman_fantom	0.318311100035881	0.192233637196691	297
chromhmm.1000.fantom	0.243574879425903	0.0813446204252935	297
chromhmm.1000.nearest_tss_500000	0.373598237616017	0.186229955275266	297
chromhmm.1000.P2P	0.143632858259269	0.0286470993215094	297
chromhmm.1000.P2P_E	0.217009842495231	0.0857367418929405	297
chromhmm.1000.P2P_E_fantom	0.308238578259357	0.159418361992533	297
chromhmm.1000.P2P_E_thurman	0.290900621019179	0.143449555879439	297
chromhmm.1000.P2P_E_thurman_fantom	0.329858123814405	0.212619617641322	297
chromhmm.1000.P2P_fantom	0.274027703513075	0.107426077908942	297
chromhmm.1000.P2P_thurman	0.247255897383246	0.0915898704965761	297
chromhmm.1000.P2P_thurman_fantom	0.30432205897826	0.165070041420822	297
chromhmm.1000.thurman	0.2030549435212	0.0665202010052813	297
chromhmm.1000.thurman_fantom	0.288274729125	0.142010767347865	297
dnase_fantom.0.E	0.117675936916072	0.0249833334382263	297
dnase_fantom.0.E_fantom	0.2012712334342	0.0358158098341983	297
dnase_fantom.0.E_thurman	0.239576889180409	0.046904789942863	297
dnase_fantom.0.E_thurman_fantom	0.271701844577594	0.0571031035272714	297
dnase_fantom.0.fantom	0.117569578517678	0.0116723843501427	297
dnase_fantom.0.nearest_tss_500000	0.367770130752468	0.0726445725045685	297
dnase_fantom.0.P2P	0.1044490396226	0.00493082523137753	297
dnase_fantom.0.P2P_E	0.189054537138056	0.0291482415560195	297
dnase_fantom.0.P2P_E_fantom	0.240262776366389	0.0398497650857759	297
dnase_fantom.0.P2P_E_thurman	0.269270586915024	0.0507377172493603	297
dnase_fantom.0.P2P_E_thurman_fantom	0.290923067161192	0.0608248977560519	297
dnase_fantom.0.P2P_fantom	0.17585394162117	0.0164326384582439	297
dnase_fantom.0.P2P_thurman	0.216380828833719	0.0283390856724742	297
dnase_fantom.0.P2P_thurman_fantom	0.247397820227971	0.039128851774494	297
dnase_fantom.0.thurman	0.172757237291095	0.023857901784086	297
dnase_fantom.0.thurman_fantom	0.218037012647671	0.0347886911921552	297
dnase_fantom.1000.E	0.132456081203553	0.0932661314669745	297
dnase_fantom.1000.E_fantom	0.332148097951125	0.199288070587047	297
dnase_fantom.1000.E_thurman	0.302226340741206	0.174534624535593	297
dnase_fantom.1000.E_thurman_fantom	0.377825265370201	0.274711033348286	297
dnase_fantom.1000.fantom	0.27219884109482	0.113515356792293	297
dnase_fantom.1000.nearest_tss_500000	0.456303332686093	0.278973619079454	297
dnase_fantom.1000.P2P	0.160912432349877	0.0328616505890595	297
dnase_fantom.1000.P2P_E	0.253361287550676	0.122392664481914	297
dnase_fantom.1000.P2P_E_fantom	0.360266801488021	0.226297338124199	297
dnase_fantom.1000.P2P_E_thurman	0.345160333381988	0.201227018051803	297
dnase_fantom.1000.P2P_E_thurman_fantom	0.393327661257044	0.29964622055474	297
dnase_fantom.1000.P2P_fantom	0.311609216869966	0.14384721146386	297
dnase_fantom.1000.P2P_thurman	0.287264582019686	0.118275282056521	297
dnase_fantom.1000.P2P_thurman_fantom	0.356949438584543	0.222962106652129	297
dnase_fantom.1000.thurman	0.230611596144027	0.0885433196902654	297
dnase_fantom.1000.thurman_fantom	0.33518525577393	0.195302154967557	297
dnase_thurman_fantom.0.E	0.119780307514866	0.0272397250707193	297
dnase_thurman_fantom.0.E_fantom	0.207319619459312	0.0418760987720019	297
dnase_thurman_fantom.0.E_thurman	0.244529132097601	0.0511788154352594	297
dnase_thurman_fantom.0.E_thurman_fantom	0.27825326943781	0.0649959851021877	297
dnase_thurman_fantom.0.fantom	0.122878643949895	0.0157945220905254	297
dnase_thurman_fantom.0.nearest_tss_500000	0.37550646147695	0.0797245323198343	297
dnase_thurman_fantom.0.P2P	0.106436018364942	0.00521848512440643	297
dnase_thurman_fantom.0.P2P_E	0.1928077854395	0.0316557700916654	297
dnase_thurman_fantom.0.P2P_E_fantom	0.246496040658039	0.0461391293145786	297
dnase_thurman_fantom.0.P2P_E_thurman	0.274714809381205	0.0552454383214789	297
dnase_thurman_fantom.0.P2P_E_thurman_fantom	0.297583298077145	0.0689319636152163	297
dnase_thurman_fantom.0.P2P_fantom	0.181411217674839	0.020814570611258	297
dnase_thurman_fantom.0.P2P_thurman	0.220723657021838	0.0307606854950559	297
dnase_thurman_fantom.0.P2P_thurman_fantom	0.253533907119717	0.0454430637435522	297
dnase_thurman_fantom.0.thurman	0.17651362634503	0.0260154470830329	297
dnase_thurman_fantom.0.thurman_fantom	0.22403388136985	0.0408634553979427	297
dnase_thurman_fantom.1000.E	0.133447013099911	0.100728987978913	297
dnase_thurman_fantom.1000.E_fantom	0.33976246471839	0.223896334329633	297
dnase_thurman_fantom.1000.E_thurman	0.30520797437522	0.187873315060806	297
dnase_thurman_fantom.1000.E_thurman_fantom	0.383688493471259	0.304386581546681	297
dnase_thurman_fantom.1000.fantom	0.281332474645538	0.132079205582124	297
dnase_thurman_fantom.1000.nearest_tss_500000	0.460340316664457	0.302803122707752	297
dnase_thurman_fantom.1000.P2P	0.16320136812249	0.0349306948922671	297
dnase_thurman_fantom.1000.P2P_E	0.25606879594666	0.131713754408263	297
dnase_thurman_fantom.1000.P2P_E_fantom	0.366866837669028	0.252545890289312	297
dnase_thurman_fantom.1000.P2P_E_thurman	0.348359461923225	0.216285884417795	297
dnase_thurman_fantom.1000.P2P_E_thurman_fantom	0.398743551323041	0.330843413342642	297
dnase_thurman_fantom.1000.P2P_fantom	0.319389083099863	0.164227252690952	297
dnase_thurman_fantom.1000.P2P_thurman	0.290024682590628	0.126488851336828	297
dnase_thurman_fantom.1000.P2P_thurman_fantom	0.362955638742917	0.248612526375802	297
dnase_thurman_fantom.1000.thurman	0.232973016075664	0.0948518295453236	297
dnase_thurman_fantom.1000.thurman_fantom	0.341776241359437	0.219279882226007	297
dnase_thurman.0.E	0.117076097300714	0.0266777945279871	297
dnase_thurman.0.E_fantom	0.199737042679073	0.0407781989089456	297
dnase_thurman.0.E_thurman	0.236945361309738	0.0496848767496538	297
dnase_thurman.0.E_thurman_fantom	0.270188979244026	0.0630425336198355	297
dnase_thurman.0.fantom	0.115669969632529	0.0152044030380505	297
dnase_thurman.0.nearest_tss_500000	0.367060857514561	0.0781454744327033	297
dnase_thurman.0.P2P	0.102425866253066	0.00501937145122525	297
dnase_thurman.0.P2P_E	0.187452815776408	0.0309341293182983	297
dnase_thurman.0.P2P_E_fantom	0.238660650139592	0.0448978677360436	297
dnase_thurman.0.P2P_E_thurman	0.266852225627437	0.0536210645856981	297
dnase_thurman.0.P2P_E_thurman_fantom	0.289432407332764	0.066858547432852	297
dnase_thurman.0.P2P_fantom	0.173918830882686	0.0200476430618821	297
dnase_thurman.0.P2P_thurman	0.213149848522274	0.0295054603270197	297
dnase_thurman.0.P2P_thurman_fantom	0.245581122087138	0.0437153564735924	297
dnase_thurman.0.thurman	0.169325006408544	0.0249155790021768	297
dnase_thurman.0.thurman_fantom	0.216215053931227	0.0392785038404101	297
dnase_thurman.1000.E	0.133330034262046	0.100200473206786	297
dnase_thurman.1000.E_fantom	0.339982476050846	0.22332026220823	297
dnase_thurman.1000.E_thurman	0.305036936109567	0.186580761913766	297
dnase_thurman.1000.E_thurman_fantom	0.38352000350203	0.30298822466006	297
dnase_thurman.1000.fantom	0.281816049465342	0.132028980979545	297
dnase_thurman.1000.nearest_tss_500000	0.46005223483223	0.301330968475123	297
dnase_thurman.1000.P2P	0.163509732133728	0.0349726890301612	297
dnase_thurman.1000.P2P_E	0.256204738468442	0.131220883986193	297
dnase_thurman.1000.P2P_E_fantom	0.367027259498691	0.25198048685809	297
dnase_thurman.1000.P2P_E_thurman	0.348204137514668	0.215070401227058	297
dnase_thurman.1000.P2P_E_thurman_fantom	0.398543593655082	0.329512591232116	297
dnase_thurman.1000.P2P_fantom	0.319740257570298	0.164180544262795	297
dnase_thurman.1000.P2P_thurman	0.289924397213259	0.125687606441945	297
dnase_thurman.1000.P2P_thurman_fantom	0.362782541159378	0.247678489931671	297
dnase_thurman.1000.thurman	0.232847444298714	0.0939697917809339	297
dnase_thurman.1000.thurman_fantom	0.341651591342243	0.218283046292951	297
dnase.0.E	0.114587193260846	0.0243962027302232	297
dnase.0.E_fantom	0.19272405878321	0.0346473044780925	297
dnase.0.E_thurman	0.230946303203504	0.0453357207691417	297
dnase.0.E_thurman_fantom	0.262550840574919	0.0550367274464545	297
dnase.0.fantom	0.109460500746714	0.0110323346517936	297
dnase.0.nearest_tss_500000	0.358213160771927	0.0709954308167804	297
dnase.0.P2P	0.0999096595459736	0.00472333605333625	297
dnase.0.P2P_E	0.182959792058162	0.0283959943982616	297
dnase.0.P2P_E_fantom	0.23142251045845	0.0385333739882131	297
dnase.0.P2P_E_thurman	0.260342222751738	0.0490344726686766	297
dnase.0.P2P_E_thurman_fantom	0.28167841124682	0.0586361239181954	297
dnase.0.P2P_fantom	0.16740692866832	0.015608883909505	297
dnase.0.P2P_thurman	0.207760463805071	0.0270202666863535	297
dnase.0.P2P_thurman_fantom	0.23836229818579	0.0372995039671529	297
dnase.0.thurman	0.164545015312782	0.0226999630408882	297
dnase.0.thurman_fantom	0.209146079751342	0.0331059996765837	297
dnase.1000.E	0.132316420110633	0.0926878314121787	297
dnase.1000.E_fantom	0.332294201649981	0.198586957682503	297
dnase.1000.E_thurman	0.302019770515573	0.173157823720201	297
dnase.1000.E_thurman_fantom	0.377614265907843	0.273193158188207	297
dnase.1000.fantom	0.272594195012581	0.113380801502821	297
dnase.1000.nearest_tss_500000	0.455949770268648	0.277350516464146	297
dnase.1000.P2P	0.161215750057923	0.0328801139773382	297
dnase.1000.P2P_E	0.25346510940912	0.121829698307102	297
dnase.1000.P2P_E_fantom	0.360291746422421	0.225590607093285	297
dnase.1000.P2P_E_thurman	0.344928533727601	0.199865639626435	297
dnase.1000.P2P_E_thurman_fantom	0.393065956740072	0.298114276497594	297
dnase.1000.P2P_fantom	0.311836960977961	0.143698921289663	297
dnase.1000.P2P_thurman	0.287069031783235	0.117338974716094	297
dnase.1000.P2P_thurman_fantom	0.356714353960339	0.221840390804545	297
dnase.1000.thurman	0.230439055019599	0.0875654158610677	297
dnase.1000.thurman_fantom	0.335017856071955	0.194176129262451	297
fantom.0.E	0.0179263017802354	0.00115023546240488	297
fantom.0.E_fantom	0.0333094409424629	0.0020283923522424	297
fantom.0.E_thurman	0.0469549159036404	0.00311738435807788	297
fantom.0.E_thurman_fantom	0.0484257539215076	0.00386597966908928	297
fantom.0.fantom	0.0231437576635019	0.000965602225677098	297
fantom.0.nearest_tss_500000	0.0525324401329824	0.00317699813160118	297
fantom.0.P2P	0.0178008908564421	0.000439828034514095	297
fantom.0.P2P_E	0.0293281273399979	0.0015028888596706	297
fantom.0.P2P_E_fantom	0.0385056990447319	0.00235791781748603	297
fantom.0.P2P_E_thurman	0.0484115812798686	0.00340292033316266	297
fantom.0.P2P_E_thurman_fantom	0.0493675251349628	0.00413668601299859	297
fantom.0.P2P_fantom	0.0313686128237744	0.00137325524530052	297
fantom.0.P2P_thurman	0.0459740174722233	0.00266157606186102	297
fantom.0.P2P_thurman_fantom	0.0474050763733047	0.00343239966816836	297
fantom.0.thurman	0.0439561810958483	0.00232100945360141	297
fantom.0.thurman_fantom	0.0460266547322896	0.00311098870007398	297
fantom.1000.E	0.0235919332719919	0.0038877466784804	297
fantom.1000.E_fantom	0.0495367970666442	0.0074896078641246	297
fantom.1000.E_thurman	0.0627427630217766	0.0103620351934508	297
fantom.1000.E_thurman_fantom	0.0653820651704082	0.0134611360905953	297
fantom.1000.fantom	0.0382049913828289	0.00391820285422572	297
fantom.1000.nearest_tss_500000	0.0704358914806999	0.0108620264744043	297
fantom.1000.P2P	0.0263470000785096	0.00151986695902041	297
fantom.1000.P2P_E	0.0409645015707049	0.0051308353109914	297
fantom.1000.P2P_E_fantom	0.0556286858395159	0.00864033271598732	297
fantom.1000.P2P_E_thurman	0.0649172005574993	0.0113857578279888	297
fantom.1000.P2P_E_thurman_fantom	0.0665752622258438	0.014422725322718	297
fantom.1000.P2P_fantom	0.0476528842678179	0.00531743579643092	297
fantom.1000.P2P_thurman	0.061627736299229	0.00879931580756637	297
fantom.1000.P2P_thurman_fantom	0.0641197019905258	0.0119876810187927	297
fantom.1000.thurman	0.0586317013899108	0.0075956932852946	297
fantom.1000.thurman_fantom	0.0623762477472032	0.0108602158949249	297
nearest_tss	0.993257921317962	0.985325725588685	297
thurman_fantom.0.E	0.0549158525476469	0.00818186556523084	297
thurman_fantom.0.E_fantom	0.131697232065776	0.0207722809015131	297
thurman_fantom.0.E_thurman	0.126321565213203	0.0168552328771962	297
thurman_fantom.0.E_thurman_fantom	0.155474702808198	0.0287426604466156	297
thurman_fantom.0.fantom	0.108556705739228	0.0136182165393316	297
thurman_fantom.0.nearest_tss_500000	0.176565381550286	0.0248223084781568	297
thurman_fantom.0.P2P	0.0569577423405465	0.00174142438807072	297
thurman_fantom.0.P2P_E	0.0940649103662393	0.00965772171415562	297
thurman_fantom.0.P2P_E_fantom	0.141201591459527	0.0221218199783541	297
thurman_fantom.0.P2P_E_thurman	0.139116847013199	0.0181837017189434	297
thurman_fantom.0.P2P_E_thurman_fantom	0.158965531240868	0.0299632768966751	297
thurman_fantom.0.P2P_fantom	0.123390476932373	0.015196370590355	297
thurman_fantom.0.P2P_thurman	0.120368735536977	0.0110524561497008	297
thurman_fantom.0.P2P_thurman_fantom	0.149086431173972	0.0237186754902834	297
thurman_fantom.0.thurman	0.10228273268526	0.00951582299858093	297
thurman_fantom.0.thurman_fantom	0.14374014667091	0.0223175508882333	297
thurman_fantom.1000.E	0.0798527569043065	0.0424519735224746	297
thurman_fantom.1000.E_fantom	0.22583236873155	0.118772325048642	297
thurman_fantom.1000.E_thurman	0.194561525129871	0.0857405433022738	297
thurman_fantom.1000.E_thurman_fantom	0.248478200050661	0.157903685792059	297
thurman_fantom.1000.fantom	0.200865902688119	0.0822950037694343	297
thurman_fantom.1000.nearest_tss_500000	0.273574596291834	0.131229673291645	297
thurman_fantom.1000.P2P	0.0979007872908206	0.0123334448461859	297
thurman_fantom.1000.P2P_E	0.151784102143159	0.0532538467643493	297
thurman_fantom.1000.P2P_E_fantom	0.236626647247281	0.128578024244588	297
thurman_fantom.1000.P2P_E_thurman	0.216770217368135	0.0955844788357429	297
thurman_fantom.1000.P2P_E_thurman_fantom	0.25302477829203	0.166911763836316	297
thurman_fantom.1000.P2P_fantom	0.216995176359745	0.0934020757826307	297
thurman_fantom.1000.P2P_thurman	0.188459158723402	0.0582307101379923	297
thurman_fantom.1000.P2P_thurman_fantom	0.240968532629806	0.134750647283214	297
thurman_fantom.1000.thurman	0.159012548520621	0.0471374899461437	297
thurman_fantom.1000.thurman_fantom	0.234312911961111	0.124675276729379	297
thurman.0.E	0.0436190652399575	0.00723134202635429	297
thurman.0.E_fantom	0.115113601673205	0.0193067510316636	297
thurman.0.E_thurman	0.0972982220334395	0.014331593575992	297
thurman.0.E_thurman_fantom	0.125947230992341	0.0257772846535264	297
thurman.0.fantom	0.100653396500052	0.0130514021159307	297
thurman.0.nearest_tss_500000	0.143604934806052	0.0222022571925515	297
thurman.0.P2P	0.0457153047344618	0.00138349139918847	297
thurman.0.P2P_E	0.0755657767102649	0.00842001927294504	297
thurman.0.P2P_E_fantom	0.120033661332495	0.0203827485360332	297
thurman.0.P2P_E_thurman	0.109083363841482	0.0154269831780075	297
thurman.0.P2P_E_thurman_fantom	0.128644597851551	0.0267740123717519	297
thurman.0.P2P_fantom	0.10827237587942	0.0142904477131582	297
thurman.0.P2P_thurman	0.0920978167268952	0.00891199135040603	297
thurman.0.P2P_thurman_fantom	0.120415734311739	0.021123704526062	297
thurman.0.thurman	0.0754332757400347	0.00765107149804477	297
thurman.0.thurman_fantom	0.116215787908698	0.0199876403610272	297
thurman.1000.E	0.0707884417241313	0.0403402928990349	297
thurman.1000.E_fantom	0.21242643717842	0.115796454355159	297
thurman.1000.E_thurman	0.171624357396847	0.0802732264121211	297
thurman.1000.E_thurman_fantom	0.225520047226551	0.151714687749871	297
thurman.1000.fantom	0.194382133014319	0.0813655666171187	297
thurman.1000.nearest_tss_500000	0.247347517128096	0.125415436775102	297
thurman.1000.P2P	0.0889450861824806	0.0115926745980305	297
thurman.1000.P2P_E	0.136766360457632	0.0505462332062814	297
thurman.1000.P2P_E_fantom	0.219251802417437	0.125033938795494	297
thurman.1000.P2P_E_thurman	0.193068529760747	0.0896556786698383	297
thurman.1000.P2P_E_thurman_fantom	0.229280050788464	0.160268461199513	297
thurman.1000.P2P_fantom	0.204446458545239	0.0917683119068168	297
thurman.1000.P2P_thurman	0.166514204434634	0.053683977457923	297
thurman.1000.P2P_thurman_fantom	0.218837981670378	0.129466329424332	297
thurman.1000.thurman	0.13815094121958	0.0431521567485632	297
thurman.1000.thurman_fantom	0.213322319909056	0.11993922591799	297
